0 12 
1 16 
2 4 
3 31 
4 17 
5 36 
6 10 
7 32 
8 3 
9 24 
10 38 
11 15 
12 24 
13 41 
14 12 
15 20 
16 31 
17 1 
18 0 
19 14 
20 50 
21 15 
22 21 
23 36 
24 20 
25 15 
26 28 
27 23 
28 22 
29 11 
30 50 
31 34 
32 1 
33 28 
34 40 
35 18 
36 13 
37 50 
38 24 
39 16 
40 48 
41 36 
42 5 
43 22 
44 27 
45 17 
46 16 
47 32 
48 19 
49 42 
50 46 
51 43 
52 31 
53 42 
54 28 
55 25 
56 31 
57 5 
58 49 
59 2 
60 41 
61 22 
62 37 
63 16 
64 50 
65 26 
66 8 
67 37 
68 50 
69 32 
70 28 
71 48 
72 17 
73 33 
74 44 
75 18 
76 25 
77 34 
78 50 
79 44 
80 50 
81 20 
82 36 
83 31 
84 36 
85 38 
86 5 
87 16 
88 17 
89 28 
90 18 
91 32 
92 24 
93 29 
94 22 
95 48 
96 29 
97 30 
98 35 
99 29 
100 36 
101 12 
102 26 
103 27 
104 19 
105 44 
106 46 
107 44 
108 27 
109 19 
110 11 
111 27 
112 13 
113 21 
114 32 
115 49 
116 8 
117 11 
118 39 
119 50 
120 14 
121 7 
122 31 
123 38 
124 36 
125 2 
126 36 
127 40 
128 6 
129 45 
130 18 
131 42 
132 6 
133 18 
134 19 
135 50 
136 11 
137 39 
138 44 
139 12 
140 32 
141 4 
142 39 
143 46 
144 0 
145 45 
146 18 
147 33 
148 6 
149 7 
150 33 
151 20 
152 39 
153 38 
154 32 
155 49 
156 15 
157 42 
158 38 
159 21 
160 36 
161 30 
162 38 
163 16 
164 48 
165 6 
166 16 
167 33 
168 19 
169 34 
170 46 
171 0 
172 12 
173 8 
174 20 
175 12 
176 3 
177 39 
178 46 
179 9 
180 20 
181 2 
182 3 
183 8 
184 40 
185 35 
186 6 
187 29 
188 27 
189 45 
190 0 
191 37 
192 24 
193 38 
194 28 
195 47 
196 18 
197 18 
198 29 
199 11 
Finish